01101100
01101101
01101110
01101111
01110000
01110000
01110000
01110000
01110000
01110000
01110000
01110000
01110000
01110000
01110000
01110000
01110000
01110000
01101111
01101110
01101101
01101101
01101110
01101110
01101110
01101110
01101110
01101101
01101101
01101110
01101111
01110000
01110000
01110000
01110000
01110000
01110000
01110000
01110000
01110000
01110000
01110000
01110000
01110000
01101111
01101110
01101101
01101110
01101110
01101111
01101111
01101110
01101110
01101111
01101111
01101111
01110000
01110001
01110001
01110010
01110010
01110001
01110001
01110001
01110001
01110000
01101111
01101110
01101110
01101110
01101111
01110000
01110001
01110001
01110001
01110001
01110001
01110001
01110001
01110001
01110001
01110001
01110001
01110001
01110001
01110001
01110001
01110000
01110000
01110001
01110010
01110010
01110011
01110011
01110011
01110100
01110100
01110011
01110011
01110011
01110010
01110010
01110000
01101110
01101101
01101100
01101100
01101110
01101111
01110000
01101111
01101111
01110000
01110001
01110010
01110010
01110010
01110010
01110010
01110010
01110010
01110010
01110010
01110010
01110010
01110010
01110010
01110010
01110001
01110000
01110000
01110000
01110001
01110001
01110000
01110001
01110001
01110010
01110010
01110001
01110010
01110010
01110011
01110010
01110001
01110000
01110001
01110010
01110001
01110000
01101110
01101110
01101110
01101111
01110000
01110001
01110001
01110001
01110001
01110001
01110001
01110001
01110001
01110001
01110001
01110001
01110001
01110001
01110001
01110001
01110010
01110010
01110010
01110010
01110010
01110010
01110010
01110010
01110010
01110010
01110010
01110010
01110010
01110010
01110010
01110001
01110000
01101111
01110000
01110000
01110000
01110000
01110000
01101111
01101111
01110000
01110001
01110010
01110010
01110010
01110010
01110010
01110010
01110010
01110010
01110010
01110010
01110010
01110010
01110010
01110010
01110001
01110001
01101111
01101110
01101101
01101101
01101110
01101110
01101110
01101110
01101110
01101110
01101110
01101110
01101110
01101110
01101110
01101110
01101110
01101110
01101110
01101110
01101110
01101110
01101110
01101110
01101110
01101110
01101110
01101110
01101110
01101110
01101110
01101110
01101110
01101110
01101110
01101110
01101110
01101110
01101101
01101110
01101110
01101111
01101111
01101111
01101111
01101111
01101111
01101110
01101110
01101101
01101101
01101101
01101101
01101110
01101110
01101110
01101110
01101110
01101101
01101100
01101101
01101110
01101111
01101111
01101111
01101111
01101111
01101111
01101111
01101111
01101111
01101111
01101111
01101111
01101111
01101111
01101111
01101111
01101111
01101111
01101111
01101110
01101110
01101101
01101110
01101110
01101110
01101110
01101110
01101110
01101110
01101110
01101110
01101110
01101110
01101110
01101110
01101110
01101110
01101110
01101110
01101110
01101110
01101110
01101110
01101110
01101110
01101110
01101110
01101110
01101110
01101110
01101110
01101110
01101110
01101110
01101110
01101110
01101101
01101101
01101110
01101111
01110001
01110001
01110010
01110010
01110010
01110010
01110010
01110001
01110010
01110010
01110011
01110011
01110011
01110011
01110011
01110011
01110011
01110010
01110010
01110010
01110010
01110010
01110010
01110010
01110010
01110001
01110010
01110011
01110100
01110100
01110100
01110100
01110100
01110100
01110100
01110100
01110100
01110100
01110100
01110100
01110100
01110100
01110100
01110100
01110100
01110100
01110100
01110100
01110011
01110011
01110100
01110101
01110101
01110100
01110100
01110101
01110101
01110110
01110101
01110100
01110011
01110100
01110100
01110011
01110011
01110010
01110010
01110010
01110011
01110100
01110101
01110101
01110110
01110110
01110101
01110101
01110110
01110111
01110111
01110111
01110111
01110111
01110111
01110111
01110111
01110111
01110111
01110111
01110111
01110111
01110110
01110111
01110111
01111000
01111000
01111000
01111000
01111000
01111000
01111000
01110111
01110111
01110111
01110111
01110111
01110111
01110111
01110111
01110110
01110110
01110111
01111000
01111001
01111001
01111001
01111001
01111001
01111001
01111001
01111001
01111001
01111001
01111001
01111001
01111001
01111001
01111001
01111001
01111001
01111001
01111001
01111001
01111001
01111001
01111001
01111001
01111001
01111001
01111001
01111001
01111001
01111000
01110111
01110110
01110110
01110110
01110111
01110111
01111000
01111000
01110111
01111000
01111001
01111010
01111001
01111001
01111000
01111001
01111001
01111000
01111000
01110111
01110111
01111000
01111000
01111000
01111000
01111000
01110111
01111000
01111000
01111001
01111001
01111000
01111000
01111001
01111010
01111010
01111010
01111010
01111010
01111001
01111000
01110111
01110110
01110110
01110101
01110101
01110101
01110110
01110110
01110110
01110110
01110110
01110111
01110111
01110111
01110111
01110111
01110111
01110111
01110110
01110110
01110101
01110110
01110110
01110110
01110110
01110110
01110101
01110100
01110011
01110010
01110001
01110001
01110001
01110001
01110001
01110001
01110001
01110001
01110001
01110001
01110001
01110001
01110001
01110001
01110001
01110001
01110001
01110001
01110001
01110001
01110001
01110001
01110001
01110001
01110001
01110000
01110000
01110000
01110000
01110000
01101111
01101111
01101111
01101111
01110000
01110001
01110010
01110011
01110011
01110100
01110100
01110011
01110010
01110001
01110000
01110001
01110010
01110010
01110001
01110001
01110010
01110010
01110011
01110001
01101111
01101110
01101101
01101101
01101110
01101111
01110000
01101111
01101111
01110000
01110001
01110010
01110010
01110010
01110010
01110010
01110010
01110010
01110010
01110010
01110010
01110010
01110010
01110010
01110010
01110001
01110001
01101111
01101110
01101101
01101101
01101101
01101101
01101101
01101101
01101101
01101110
01101110
01101101
01101101
01101100
01101100
01101100
01101100
01101100
01101100
01101100
01101100
01101100
01101100
01101100
01101100
01101100
01101100
01101100
01101100
01101100
01101100
01101100
01101100
01101100
01101100
01101100
01101100
01101101
01101101
01101100
01101011
01101010
01101010
01101010
01101010
01101010
01101010
01101010
01101010
01101010
01101010
01101010
01101010
01101010
01101010
01101010
01101010
01101010
01101010
01101010
01101011
01101100
01101100
01101100
01101100
01101011
01101011
01101010
01101010
01101010
01101010
01101011
01101011
01101010
01101010
01101001
01101001
01101001
01101001
01101010
01101010
01101010
01101001
01101000
01100111
01100110
01100110
01100101
01100101
01100101
01100101
01100110
01100110
01100111
01100111
01100111
01100111
01100110
01100101
01100101
01100101
01100101
01100100
01100011
01100011
01100100
01100100
01100100
01100100
01100100
01100011
01100010
01100010
01100010
01100010
01100011
01100011
01100010
01100010
01100001
01100001
01100010
01100010
01100010
01100010
01100010
01100010
01100010
01100001
01100001
01100000
01100000
01011111
01011111
01100000
01100000
01011111
01011111
01011110
01011101
01011100
01011101
01011101
01011101
01011100
01011100
01011100
01011100
01011011
01011010
01011000
01011000
01011001
01011001
01011001
01011001
01011001
01011000
01011000
01010111
01010110
01010101
01010110
01010110
01010101
01010100
01010011
01010100
01010100
01010100
01010100
01010100
01010011
01010011
01010011
01010100
01010101
01010101
01010100
01010011
01010010
01010001
01010001
01010001
01010001
01010010
01010011
01010010
01010001
01001111
01001110
01001100
01001010
01001000
01000111
01000111
01001000
01001001
01001010
01001011
01001101
01001111
01010000
01010010
01010100
01010001
01001010
01000101
01000001
01000000
00111101
00111010
00110110
00110010
00110000
00101101
00101011
00101001
00100110
00100100
00100010
00100001
00100000
00011110
00011101
00011100
00011011
00011100
00011100
00011100
00011100
00011100
00011011
00011011
00011010
00011001
00011000
00011000
00011000
00011000
00010111
00010110
00010101
00010100
00010011
00010010
00010010
00010011
00010011
00010100
00010100
00010011
00010100
00010100
00010101
00010101
00010100
00010101
00010101
00010110
00010110
00010101
00010101
00010101
00010110
00010110
00010101
00010101
00010110
00010111
00010111
00010111
00010111
00010111
01110010
01110010
01110001
01110010
01110010
01110010
01110010
01110001
01110001
01110001
01110001
01110001
01110001
01110001
01110001
01110000
01110000
01110000
01110000
01110000
01110000
01110000
01110000
01110000
01110000
01110000
01110000
01110000
01101111
01101111
01101111
01101111
01101111
01101111
01101111
01101111
01101110
01101110
01101110
01101111
01101111
01110000
01110001
01110010
01110010
01110010
01110010
01110010
01110010
01110001
01110001
01110000
01110001
01110001
01110001
01110001
01110000
01101111
01101101
01101101
01101110
01101110
01101110
01101111
01101110
01101110
01101101
01101110
01101111
01101111
01101110
01101110
01101111
01110000
01110001
01110001
01110001
01110001
01110000
01110000
01110000
01101110
01101110
01101101
01101100
01101100
01101100
01101011
01101100
01101100
01101100
01101100
01101100
01101100
01101100
01101100
01101100
01101100
01101100
01101011
01101100
01101100
01101100
01101100
01101100
01101011
01101011
01101100
01101100
01101100
01101100
01101100
01101100
01101100
01101100
01101100
01101100
01101100
01101100
01101100
01101011
01101100
01101100
01101101
01101110
01101111
01101111
01110000
01110000
01110000
01110000
01110000
01110000
01110000
01110000
01110000
01110000
01110000
01110000
01101111
01101110
01101101
01101101
01101110
01101110
01101110
01101110
01101110
01101101
01101101
01101110
01101111
01110000
01110000
01110000
01110000
01110000
01110000
01110000
01110000
01110000
01110000
01110000
01110000
01110000
01101111
01101110
01101110
01101110
01101110
01101111
01101111
01101110
01101110
01101111
01101111
01101111
01110000
01110001
01110001
01110010
01110001
01110001
01110000
01110000
01110001
01110000
01101111
01101110
01101110
01101110
01101111
01110000
01110001
01110001
01110001
01110001
01110001
01110001
01110001
01110001
01110001
01110001
01110001
01110001
01110001
01110001
01110001
01110000
01110001
01110001
01110010
01110010
01110010
01110010
01110010
01110011
01110011
01110011
01110011
01110011
01110010
01110010
01110000
01101110
01101101
01101100
01101100
01101110
01101111
01110000
01101111
01101111
01110000
01110001
01110010
01110010
01110010
01110010
01110010
01110010
01110010
01110010
01110010
01110010
01110010
01110010
01110010
01110010
01110001
01110000
01110000
01110000
01110001
01110001
01110001
01110001
01110001
01110010
01110010
01110001
01110010
01110010
01110011
01110010
01110001
01110000
01110001
01110010
01110001
01110000
01101110
01101110
01101110
01101111
01110000
01110001
01110001
01110001
01110001
01110001
01110001
01110000
01110000
01110000
01110000
01110000
01110000
01110000
01110000
01110001
01110010
01110010
01110010
01110010
01110010
01110010
01110010
01110010
01110010
01110010
01110010
01110010
01110010
01110010
01110010
01110001
01110000
01101111
01110000
01110000
01110000
01110000
01101111
01101111
01101111
01110000
01110001
01110010
01110010
01110001
01110001
01110001
01110001
01110001
01110001
01110001
01110010
01110010
01110001
01110001
01110001
01110000
01110000
01101110
01101101
01101101
01101101
01101101
01101101
01101101
01101101
01101101
01101101
01101101
01101101
01101101
01101101
01101101
01101101
01101101
01101101
01101110
01101110
01101110
01101110
01101110
01101110
01101110
01101110
01101110
01101110
01101110
01101110
01101110
01101110
01101110
01101110
01101110
01101110
01101110
01101110
01101101
01101110
01101110
01101111
01101111
01101111
01101111
01101111
01101111
01101110
01101110
01101110
01101110
01101110
01101110
01101110
01101110
01101110
01101110
01101110
01101101
01101101
01101101
01101110
01101111
01101111
01101111
01101111
01101111
01101111
01101111
01101111
01101111
01101111
01101111
01101111
01101111
01101111
01101111
01101111
01101111
01101111
01101111
01101110
01101110
01101101
01101110
01101110
01101110
01101110
01101110
01101110
01101110
01101110
01101110
01101110
01101110
01101110
01101110
01101110
01101110
01101110
01101110
01101110
01101110
01101110
01101110
01101110
01101110
01101110
01101110
01101110
01101110
01101110
01101110
01101110
01101110
01101110
01101110
01101110
01101101
01101101
01101110
01101110
01110000
01110000
01110001
01110001
01110010
01110010
01110010
01110001
01110010
01110010
01110010
01110011
01110011
01110011
01110011
01110011
01110011
01110010
01110001
01110001
01110001
01110001
01110001
01110001
01110001
01110001
01110010
01110011
01110100
01110100
01110011
01110011
01110011
01110011
01110011
01110011
01110011
01110011
01110011
01110011
01110011
01110011
01110100
01110100
01110100
01110100
01110100
01110100
01110011
01110011
01110100
01110101
01110101
01110100
01110100
01110101
01110101
01110110
01110101
01110100
01110011
01110100
01110100
01110011
01110011
01110010
01110010
01110010
01110011
01110100
01110101
01110101
01110110
01110110
01110101
01110101
01110110
01110111
01110111
01110111
01110111
01110111
01110111
01110111
01110111
01110111
01110111
01110111
01110111
01110111
01110110
01110111
01110111
01110111
01111000
01111000
01111000
01111000
01111000
01111000
01110111
01110110
01110110
01110110
01110110
01110110
01110110
01110110
01110110
01110110
01110111
01111000
01111001
01111000
01111000
01111000
01111000
01111000
01111000
01111000
01111000
01111000
01111000
01111000
01111000
01111001
01111001
01111001
01111001
01111001
01111001
01111001
01111001
01111001
01111001
01111001
01111001
01111001
01111001
01111001
01111001
01111000
01110111
01110110
01110110
01110110
01110111
01110111
01111000
01111000
01110111
01111000
01111001
01111010
01111001
01111001
01111000
01111001
01111001
01111000
01111000
01110111
01110111
01111000
01111000
01111000
01111000
01111000
01110111
01111000
01111000
01111001
01111001
01111000
01111000
01111001
01111010
01111010
01111010
01111010
01111010
01111001
01111000
01110111
01110110
01110110
01110101
01110101
01110101
01110110
01110101
01110101
01110101
01110110
01110111
01110111
01110111
01110111
01110111
01110111
01110110
01110110
01110110
01110101
01110110
01110110
01110110
01110101
01110101
01110100
01110011
01110010
01110010
01110001
01110001
01110001
01110001
01110001
01110001
01110001
01110001
01110001
01110001
01110001
01110001
01110001
01110001
01110001
01110001
01110001
01110001
01110001
01110001
01110001
01110001
01110001
01110001
01110001
01110000
01110000
01110000
01110000
01110000
01101111
01101111
01101111
01101111
01110000
01110000
01110001
01110010
01110010
01110011
01110011
01110011
01110010
01110001
01110000
01110001
01110010
01110010
01110001
01110001
01110010
01110010
01110011
01110001
01101111
01101110
01101101
01101101
01101110
01101111
01110000
01101111
01101111
01110000
01110001
01110010
01110010
01110001
01110010
01110010
01110010
01110010
01110010
01110010
01110010
01110010
01110010
01110001
01110001
01110000
01110000
01101110
01101101
01101101
01101101
01101101
01101101
01101101
01101101
01101101
01101110
01101110
01101101
01101101
01101100
01101100
01101100
01101100
01101100
01101100
01101100
01101100
01101100
01101100
01101100
01101100
01101100
01101100
01101100
01101100
01101100
01101100
01101100
01101100
01101100
01101100
01101100
01101100
01101101
01101101
01101100
01101011
01101010
01101010
01101010
01101010
01101010
01101010
01101010
01101010
01101010
01101010
01101010
01101010
01101010
01101011
01101011
01101011
01101011
01101011
01101011
01101011
01101100
01101011
01101011
01101011
01101011
01101011
01101010
01101010
01101010
01101010
01101011
01101010
01101010
01101010
01101001
01101001
01101001
01101001
01101010
01101001
01101001
01101001
01101000
01100111
01100110
01100110
01100101
01100101
01100101
01100101
01100110
01100110
01100111
01100111
01100111
01100111
01100110
01100101
01100101
01100101
01100100
01100011
01100011
01100011
01100100
01100100
01100100
01100100
01100100
01100011
01100011
01100011
01100011
01100011
01100011
01100011
01100010
01100010
01100001
01100001
01100010
01100010
01100010
01100010
01100010
01100010
01100010
01100001
01100001
01100000
01100000
01011111
01011111
01100000
01100000
01011111
01011111
01011110
01011101
01011100
01011101
01011101
01011101
01011100
01011011
01011011
01011100
01011011
01011010
01011000
01011000
01011001
01011001
01011001
01011000
01011000
01011000
01011000
01010111
01010110
01010101
01010101
01010101
01010101
01010100
01010011
01010100
01010100
01010100
01010100
01010100
01010011
01010011
01010011
01010100
01010101
01010101
01010100
01010011
01010010
01010001
01010001
01010001
01010001
01010010
01010011
01010010
01010001
01001111
01001110
01001100
01001010
01001001
01001000
01000111
01001000
01001000
01001001
01001010
01001011
01001101
01001110
01010000
01010011
01010000
01001010
01000110
01000010
01000001
00111110
00111011
00111000
00110100
00110010
00101111
00101101
00101011
00101000
00100101
00100011
00100010
00100000
00011110
00011101
00011100
00011011
00011100
00011100
00011100
00011100
00011100
00011011
00011011
00011010
00011001
00011000
00011000
00011000
00010111
00010110
00010101
00010101
00010100
00010011
00010010
00010010
00010011
00010011
00010100
00010100
00010011
00010100
00010100
00010101
00010101
00010101
00010101
00010110
00010110
00010110
00010110
00010110
00010101
00010110
00010110
00010101
00010101
00010110
00010111
00010111
00010111
00010111
00010111
01110010
01110010
01110010
01110010
01110001
01110010
01110010
01110010
01110010
01110001
01110001
01110000
01110000
01110001
01110001
01110001
01110001
01110000
01110000
01110000
01110000
01110000
01110000
01110000
01101111
01101111
01110000
01110000
01110000
01110000
01101111
01101111
01101110
01101110
01101111
01101111
01101111
01101110
01101111
01101110
01101111
01110000
01110001
01110001
01110010
01110010
01110010
01110010
01110010
01110010
01110001
01110001
01110001
01110000
01110000
01110001
01110000
01101111
01101110
01101110
01101110
01101111
01101111
01101111
01101110
01101110
01101101
01101110
01101111
01101111
01101110
01101110
01101111
01110000
01110001
01110001
01110001
01110001
01110000
01110000
01101111
01101110
01101101
01101100
01101100
01101011
01101100
01101100
01101100
01101100
01101100
01101100
01101100
01101100
01101100
01101100
01101100
01101100
01101100
01101100
01101100
01101011
01101100
01101011
01101100
01101100
01101100
01101100
01101100
01101100
01101100
01101100
01101100
01101100
01101100
01101100
01101100
01101100
01101100
01101100
01101100
01101100
01101100
01101100
01101101
01101110
01101111
01101111
01110000
01110000
01110000
01110000
01110000
01110000
01110000
01110000
01110000
01110000
01110000
01101111
01101110
01101101
01101101
01101110
01101110
01101110
01101110
01101110
01101101
01101101
01101110
01101111
01110000
01110000
01110000
01110000
01110000
01110000
01110000
01110000
01110000
01110000
01110000
01110000
01110000
01110000
01101111
01101110
01101111
01101111
01101111
01101111
01101110
01101111
01101111
01110000
01110000
01110001
01110001
01110001
01110001
01110001
01110000
01110000
01110000
01110000
01110000
01101111
01101110
01101110
01101110
01101111
01110000
01110001
01110001
01110001
01110001
01110001
01110001
01110001
01110001
01110001
01110001
01110001
01110001
01110000
01110000
01110001
01110001
01110001
01110010
01110010
01110010
01110010
01110010
01110010
01110010
01110010
01110010
01110010
01110010
01110001
01110001
01110000
01101110
01101101
01101101
01101101
01101110
01101111
01110000
01101111
01101111
01110000
01110001
01110010
01110010
01110010
01110010
01110010
01110010
01110010
01110010
01110010
01110010
01110010
01110010
01110010
01110010
01110010
01110001
01110001
01110000
01110000
01110001
01110001
01110010
01110010
01110010
01110010
01110010
01110010
01110010
01110010
01110001
01110001
01110000
01110000
01110001
01110000
01101111
01101110
01101110
01101110
01101111
01110000
01110001
01110001
01110001
01110001
01110000
01110000
01110000
01110000
01110000
01110000
01110000
01110000
01110000
01110000
01110000
01110001
01110010
01110010
01110010
01110010
01110010
01110010
01110010
01110010
01110010
01110010
01110010
01110010
01110010
01110010
01110001
01110000
01101111
01110000
01110000
01101111
01101111
01101111
01101110
01101110
01101111
01110000
01110001
01110001
01110001
01110001
01110001
01110001
01110001
01110001
01110001
01110001
01110001
01110001
01110000
01110000
01101111
01101111
01101101
01101101
01101100
01101100
01101101
01101101
01101101
01101101
01101101
01101101
01101101
01101101
01101101
01101101
01101101
01101101
01101101
01101101
01101101
01101101
01101110
01101110
01101110
01101110
01101110
01101110
01101110
01101110
01101110
01101110
01101110
01101110
01101110
01101110
01101110
01101110
01101110
01101110
01101101
01101110
01101110
01101111
01101111
01101111
01101111
01101111
01101111
01101111
01101111
01101110
01101110
01101110
01101110
01101110
01101101
01101101
01101110
01101110
01101110
01101101
01101110
01101111
01101111
01101111
01101111
01101111
01101111
01101111
01101111
01101111
01101111
01101111
01101111
01101111
01101111
01101111
01101111
01101111
01101111
01101111
01101111
01101110
01101110
01101101
01101110
01101110
01101110
01101110
01101110
01101110
01101110
01101110
01101110
01101110
01101110
01101110
01101110
01101110
01101110
01101110
01101110
01101110
01101110
01101110
01101110
01101110
01101110
01101110
01101110
01101110
01101110
01101110
01101110
01101110
01101110
01101110
01101110
01101110
01101110
01101110
01101110
01101110
01101111
01101111
01110000
01110001
01110001
01110010
01110010
01110010
01110010
01110001
01110010
01110010
01110011
01110011
01110011
01110011
01110010
01110001
01110001
01110001
01110001
01110001
01110001
01110001
01110001
01110000
01110001
01110010
01110011
01110011
01110011
01110011
01110011
01110011
01110011
01110011
01110011
01110011
01110011
01110011
01110011
01110011
01110011
01110011
01110100
01110100
01110100
01110100
01110011
01110011
01110100
01110101
01110101
01110100
01110100
01110101
01110101
01110110
01110101
01110100
01110011
01110100
01110100
01110011
01110011
01110010
01110010
01110010
01110011
01110100
01110101
01110101
01110110
01110110
01110101
01110101
01110110
01110111
01110111
01110111
01110111
01110111
01110111
01110111
01110110
01110110
01110110
01110110
01110111
01110111
01110111
01110111
01110110
01110111
01110111
01110111
01111000
01111000
01111000
01110111
01110110
01110110
01110110
01110110
01110110
01110110
01110110
01110110
01110101
01110101
01110110
01110111
01111000
01111000
01111000
01111000
01111000
01111000
01111000
01111000
01111000
01111000
01111000
01111000
01111000
01111000
01111000
01111001
01111001
01111001
01111001
01111001
01111001
01111001
01111001
01111001
01111001
01111001
01111001
01111001
01111001
01111000
01110111
01110110
01110110
01110110
01110111
01110111
01111000
01111000
01110111
01111000
01111001
01111010
01111001
01111001
01111000
01111001
01111001
01111000
01111000
01110111
01110111
01111000
01111000
01111000
01111000
01111000
01110111
01111000
01111000
01111001
01111001
01111000
01111000
01111001
01111010
01111010
01111010
01111010
01111010
01111001
01111000
01110111
01110110
01110110
01110110
01110110
01110101
01110101
01110101
01110101
01110101
01110101
01110110
01110111
01110111
01110111
01110110
01110110
01110110
01110101
01110110
01110110
01110110
01110110
01110101
01110100
01110100
01110011
01110010
01110010
01110010
01110010
01110010
01110010
01110010
01110010
01110010
01110010
01110010
01110010
01110010
01110010
01110010
01110010
01110010
01110010
01110010
01110010
01110010
01110010
01110010
01110010
01110010
01110010
01110010
01110001
01110001
01110000
01110000
01110001
01110001
01110000
01101111
01101111
01110000
01110000
01110000
01110000
01110001
01110001
01110010
01110011
01110011
01110010
01110001
01110000
01110001
01110010
01110010
01110001
01110001
01110010
01110010
01110011
01110001
01101111
01101110
01101101
01101101
01101110
01101111
01101111
01101110
01101110
01101111
01110000
01110001
01110001
01110001
01110001
01110001
01110010
01110010
01110010
01110010
01110010
01110010
01110001
01110001
01110000
01101111
01101111
01101110
01101101
01101100
01101100
01101100
01101100
01101100
01101100
01101100
01101101
01101101
01101100
01101100
01101011
01101011
01101011
01101011
01101011
01101011
01101011
01101011
01101011
01101011
01101011
01101011
01101011
01101011
01101011
01101011
01101011
01101011
01101011
01101011
01101011
01101011
01101011
01101011
01101100
01101100
01101011
01101010
01101001
01101001
01101001
01101010
01101010
01101011
01101011
01101011
01101011
01101010
01101010
01101011
01101011
01101011
01101011
01101011
01101011
01101011
01101011
01101011
01101011
01101011
01101011
01101011
01101010
01101011
01101011
01101011
01101011
01101011
01101010
01101010
01101001
01101010
01101010
01101010
01101010
01101001
01101001
01101001
01101001
01101001
01101000
01100111
01100110
01100110
01100101
01100101
01100101
01100101
01100110
01100110
01100111
01100111
01100111
01100111
01100110
01100110
01100101
01100100
01100100
01100011
01100010
01100011
01100011
01100100
01100100
01100100
01100100
01100100
01100011
01100011
01100011
01100011
01100011
01100011
01100011
01100010
01100010
01100001
01100001
01100001
01100001
01100010
01100010
01100010
01100010
01100001
01100001
01100000
01100000
01011111
01011111
01100000
01100000
01011111
01011111
01011110
01011101
01011100
01011101
01011101
01011100
01011011
01011011
01011011
01011011
01011010
01011001
01011000
01011000
01011001
01011001
01011000
01011000
01011000
01011000
01011000
01010111
01010110
01010101
01010101
01010101
01010100
01010011
01010011
01010100
01010100
01010100
01010100
01010100
01010011
01010011
01010011
01010100
01010101
01010101
01010100
01010011
01010010
01010001
01010001
01010001
01010001
01010010
01010011
01010010
01010000
01001110
01001101
01001101
01001011
01001001
01001000
01001000
01001000
01001000
01001000
01001001
01001010
01001100
01001101
01001111
01010010
01010000
01001011
01000110
01000011
01000001
00111110
00111011
00111001
00110101
00110011
00110000
00101110
00101100
00101001
00100110
00100100
00100010
00100001
00011111
00011110
00011101
00011100
00011101
00011101
00011101
00011100
00011100
00011011
00011011
00011010
00011010
00011001
00011000
00010111
00010111
00010110
00010101
00010100
00010100
00010100
00010011
00010010
00010011
00010011
00010100
00010100
00010011
00010100
00010100
00010101
00010101
00010101
00010110
00010110
00010111
00010111
00010110
00010110
00010110
00010110
00010101
00010101
00010101
00010110
00010111
00010111
00010111
00010111
00010111
01110011
01110011
01110010
01110010
01110001
01110010
01110010
01110010
01110010
01110010
01110001
01110000
01110000
01110001
01110001
01110001
01110001
01110001
01110001
01110001
01110001
01110001
01110001
01110000
01101111
01101111
01110000
01110000
01110000
01110000
01110000
01101111
01101110
01101110
01101111
01101111
01101111
01101111
01101111
01101110
01101110
01101111
01110000
01110001
01110010
01110010
01110010
01110010
01110010
01110010
01110010
01110001
01110001
01110000
01110000
01110001
01110000
01101111
01101110
01101110
01101111
01101111
01101111
01101111
01101110
01101110
01101101
01101110
01101111
01101111
01101110
01101110
01101111
01110000
01110001
01110001
01110001
01110001
01110000
01110000
01101111
01101101
01101100
01101011
01101011
01101011
01101100
01101100
01101100
01101100
01101100
01101100
01101100
01101100
01101100
01101100
01101100
01101100
01101100
01101100
01101100
01101011
01101011
01101011
01101100
01101100
01101100
01101100
01101100
01101100
01101100
01101100
01101100
01101100
01101100
01101100
01101100
01101100
01101100
01101100
01101100
01101100
01101011
01101011
01101100
01101101
01101110
01101111
01110000
01110000
01110000
01110000
01110000
01110000
01110000
01110000
01110000
01110000
01110000
01101111
01101110
01101101
01101101
01101110
01101110
01101110
01101110
01101110
01101101
01101101
01101110
01101111
01110000
01110000
01110000
01110000
01110000
01110000
01110000
01110000
01110000
01110000
01110000
01110000
01110000
01110000
01101111
01101111
01101111
01101111
01101111
01101111
01101110
01101111
01101111
01110000
01110000
01110001
01110001
01110001
01110001
01110000
01110000
01101111
01101111
01110000
01110000
01101111
01101110
01101110
01101110
01101111
01110000
01110001
01110001
01110001
01110001
01110001
01110001
01110001
01110001
01110001
01110001
01110001
01110001
01110000
01110000
01110001
01110001
01110010
01110010
01110010
01110010
01110001
01110001
01110001
01110001
01110001
01110010
01110010
01110010
01110001
01110001
01110000
01101110
01101101
01101101
01101101
01101110
01101111
01110000
01101111
01101111
01110000
01110001
01110010
01110010
01110010
01110010
01110010
01110010
01110010
01110010
01110010
01110010
01110010
01110010
01110010
01110010
01110010
01110001
01110001
01110000
01110000
01110001
01110010
01110010
01110010
01110010
01110010
01110010
01110010
01110010
01110010
01110001
01110001
01110000
01110000
01110001
01110000
01101111
01101110
01101110
01101110
01101111
01110000
01110001
01110001
01110001
01110001
01110000
01110000
01101111
01101111
01101111
01101111
01101111
01101111
01101111
01101111
01110000
01110001
01110010
01110010
01110010
01110010
01110010
01110010
01110010
01110010
01110010
01110010
01110010
01110010
01110010
01110010
01110001
01110000
01101111
01110000
01110000
01101111
01101111
01101110
01101110
01101110
01101111
01110000
01110001
01110001
01110000
01110000
01110000
01110000
01110000
01110000
01110000
01110001
01110001
01110000
01101111
01101110
01101101
01101101
01101100
01101100
01101100
01101100
01101100
01101100
01101100
01101100
01101100
01101100
01101100
01101100
01101100
01101100
01101100
01101100
01101100
01101100
01101101
01101101
01101110
01101110
01101110
01101110
01101110
01101110
01101110
01101110
01101110
01101110
01101110
01101110
01101110
01101110
01101110
01101110
01101110
01101110
01101101
01101110
01101110
01101111
01101111
01101111
01101111
01101111
01101111
01101111
01101111
01101111
01101111
01101111
01101111
01101110
01101101
01101101
01101110
01101110
01101110
01101110
01101110
01101111
01101111
01101111
01101111
01101111
01101111
01101111
01101111
01101111
01101111
01101111
01101111
01101111
01101111
01101111
01101111
01101111
01101111
01101111
01101111
01101110
01101110
01101101
01101110
01101110
01101110
01101110
01101110
01101110
01101110
01101110
01101110
01101110
01101110
01101110
01101110
01101110
01101110
01101110
01101110
01101110
01101110
01101110
01101110
01101110
01101110
01101110
01101110
01101110
01101110
01101110
01101110
01101110
01101110
01101110
01101110
01101110
01101110
01101110
01101110
01101101
01101101
01101110
01101110
01110000
01110001
01110010
01110010
01110010
01110010
01110001
01110001
01110010
01110011
01110011
01110011
01110011
01110010
01110001
01110000
01110000
01110000
01110000
01110000
01110000
01110000
01110000
01110001
01110010
01110011
01110011
01110010
01110010
01110010
01110010
01110010
01110010
01110010
01110010
01110010
01110010
01110010
01110010
01110011
01110011
01110100
01110100
01110100
01110100
01110011
01110011
01110100
01110101
01110101
01110100
01110100
01110101
01110101
01110110
01110101
01110100
01110011
01110100
01110100
01110011
01110011
01110010
01110010
01110010
01110011
01110100
01110101
01110101
01110110
01110110
01110101
01110101
01110110
01110111
01110111
01110111
01110111
01110111
01110111
01110111
01110110
01110110
01110110
01110110
01110111
01110111
01110111
01110111
01110110
01110110
01110111
01110111
01111000
01111000
01111000
01110111
01110110
01110101
01110101
01110101
01110101
01110101
01110101
01110101
01110101
01110101
01110110
01110111
01111000
01110111
01110111
01110111
01110111
01110111
01110111
01110111
01110111
01110111
01110111
01110111
01110111
01111000
01111000
01111001
01111001
01111001
01111001
01111001
01111001
01111001
01111001
01111001
01111001
01111001
01111001
01111001
01111001
01111000
01110111
01110110
01110110
01110110
01110111
01110111
01111000
01111000
01110111
01111000
01111001
01111010
01111001
01111001
01111000
01111001
01111001
01111000
01111000
01110111
01110111
01111000
01111000
01111000
01111000
01111000
01110111
01111000
01111000
01111001
01111001
01111000
01111000
01111001
01111010
01111010
01111010
01111010
01111010
01111001
01111000
01110111
01110110
01110110
01110110
01110110
01110101
01110101
01110100
01110100
01110100
01110101
01110110
01110111
01110111
01110111
01110110
01110110
01110101
01110101
01110110
01110110
01110110
01110110
01110101
01110011
01110010
01110001
01110001
01110001
01110010
01110010
01110010
01110010
01110010
01110010
01110010
01110010
01110010
01110010
01110010
01110010
01110010
01110010
01110010
01110010
01110010
01110010
01110010
01110010
01110010
01110010
01110010
01110010
01110010
01110001
01110001
01110000
01110000
01110001
01110001
01110000
01101111
01101111
01110000
01110000
01101111
01101111
01110000
01110000
01110001
01110010
01110011
01110010
01110001
01110000
01110001
01110010
01110010
01110001
01110001
01110010
01110010
01110011
01110001
01101111
01101110
01101101
01101101
01101110
01101111
01101111
01101110
01101110
01101111
01110000
01110001
01110001
01110000
01110001
01110001
01110010
01110010
01110010
01110010
01110010
01110010
01110001
01110000
01101111
01101110
01101110
01101101
01101100
01101100
01101100
01101100
01101100
01101100
01101100
01101100
01101101
01101101
01101100
01101100
01101011
01101011
01101011
01101011
01101011
01101011
01101011
01101011
01101011
01101011
01101011
01101011
01101011
01101011
01101011
01101011
01101011
01101011
01101011
01101011
01101011
01101011
01101011
01101011
01101100
01101100
01101011
01101010
01101001
01101001
01101001
01101010
01101010
01101011
01101011
01101011
01101011
01101010
01101010
01101011
01101011
01101100
01101100
01101100
01101100
01101100
01101100
01101011
01101011
01101010
01101010
01101010
01101010
01101011
01101011
01101011
01101011
01101011
01101010
01101001
01101001
01101010
01101010
01101010
01101010
01101001
01101001
01101000
01101000
01101001
01101000
01100111
01100110
01100110
01100101
01100101
01100101
01100101
01100110
01100110
01100111
01100111
01100111
01100111
01100110
01100110
01100101
01100100
01100011
01100010
01100010
01100011
01100011
01100100
01100100
01100100
01100100
01100100
01100100
01100100
01100100
01100100
01100011
01100011
01100011
01100010
01100010
01100001
01100001
01100001
01100001
01100010
01100010
01100010
01100010
01100001
01100001
01100000
01100000
01011111
01011111
01100000
01100000
01011111
01011111
01011110
01011101
01011100
01011101
01011101
01011100
01011011
01011010
01011010
01011011
01011010
01011001
01011000
01011000
01011001
01011001
01011000
01010111
01010111
01011000
01011000
01010111
01010110
01010101
01010100
01010100
01010100
01010011
01010011
01010100
01010100
01010100
01010100
01010100
01010011
01010011
01010011
01010100
01010101
01010101
01010100
01010011
01010010
01010001
01010001
01010001
01010001
01010010
01010011
01010010
01010000
01001110
01001101
01001101
01001011
01001010
01001001
01001000
01001000
01000111
01000111
01000111
01001000
01001010
01001011
01001101
01010000
01001111
01001011
01000111
01000100
01000010
00111111
00111100
00111010
00110110
00110100
00110001
00101111
00101101
00101010
00100111
00100101
00100011
00100001
00011111
00011110
00011101
00011100
00011101
00011101
00011101
00011100
00011100
00011011
00011011
00011010
00011010
00011001
00011000
00010111
00010110
00010101
00010100
00010100
00010100
00010100
00010011
00010010
00010011
00010011
00010100
00010100
00010011
00010100
00010100
00010101
00010101
00010110
00010110
00010111
00010111
00010111
00010111
00010111
00010110
00010110
00010101
00010101
00010101
00010110
00010111
00010111
00010111
00010111
00010111
01110011
01110011
01110010
01110010
01110001
01110010
01110010
01110010
01110010
01110010
01110001
01110000
01110000
01110001
01110001
01110001
01110001
01110001
01110001
01110001
01110001
01110001
01110001
01110000
01101111
01101111
01110000
01110000
01110000
01110000
01110000
01101111
01101110
01101110
01101111
01101111
01101111
01101111
01101111
01101110
01101110
01101111
01110000
01110001
01110010
01110010
01110010
01110010
01110010
01110010
01110010
01110001
01110001
01110000
01110000
01110001
01110000
01101111
01101110
01101110
01101111
01101111
01101111
01101111
01101110
01101110
01101101
01101110
01101111
01101111
01101110
01101110
01101111
01110000
01110001
01110001
01110001
01110001
01110000
01110000
01101111
01101101
01101100
01101011
01101011
01101011
01101100
01101100
01101100
01101100
01101100
01101100
01101100
01101100
01101100
01101100
01101100
01101100
01101100
01101100
01101100
01101011
01101011
01101011
01101100
01101100
01101100
01101100
01101100
01101100
01101100
01101100
01101100
01101100
01101100
01101100
01101100
01101100
01101100
01101100
01101100
01101100
01101011
01101011
01101100
01101101
01101110
01101111
01110000
01110000
01110000
01110000
01110000
01110000
01110000
01110000
01110000
01110000
01110000
01101111
01101110
01101101
01101101
01101110
01101110
01101110
01101110
01101110
01101101
01101101
01101110
01101111
01110000
01110000
01110000
01110000
01110000
01110000
01110000
01110000
01110000
01110000
01110000
01110000
01110000
01110000
01101111
01101111
01101111
01101111
01101111
01101111
01101110
01101111
01101111
01110000
01110000
01110001
01110001
01110001
01110001
01110000
01110000
01101111
01101111
01110000
01110000
01101111
01101110
01101110
01101110
01101111
01110000
01110001
01110001
01110001
01110001
01110001
01110001
01110001
01110001
01110001
01110001
01110001
01110001
01110000
01110000
01110001
01110001
01110010
01110010
01110010
01110010
01110001
01110001
01110001
01110001
01110001
01110010
01110010
01110010
01110001
01110001
01110000
01101110
01101101
01101101
01101101
01101110
01101111
01110000
01101111
01101111
01110000
01110001
01110010
01110010
01110010
01110010
01110010
01110010
01110010
01110010
01110010
01110010
01110010
01110010
01110010
01110010
01110010
01110001
01110001
01110000
01110000
01110001
01110010
01110010
01110010
01110010
01110010
01110010
01110010
01110010
01110010
01110001
01110001
01110000
01110000
01110001
01110000
01101111
01101110
01101110
01101110
01101111
01110000
01110001
01110001
01110001
01110001
01110000
01110000
01101111
01101111
01101111
01101111
01101111
01101111
01101111
01101111
01110000
01110001
01110010
01110010
01110010
01110010
01110010
01110010
01110010
01110010
01110010
01110010
01110010
01110010
01110010
01110010
01110001
01110000
01101111
01110000
01110000
01101111
01101111
01101110
01101110
01101110
01101111
01110000
01110001
01110001
01110000
01110000
01110000
01110000
01110000
01110000
01110000
01110001
01110001
01110000
01101111
01101110
01101101
01101101
01101100
01101100
01101100
01101100
01101100
01101100
01101100
01101100
01101100
01101100
01101100
01101100
01101100
01101100
01101100
01101100
01101100
01101100
01101101
01101101
01101110
01101110
01101110
01101110
01101110
01101110
01101110
01101110
01101110
01101110
01101110
01101110
01101110
01101110
01101110
01101110
01101110
01101110
01101101
01101110
01101110
01101111
01101111
01101111
01101111
01101111
01101111
01101111
01101111
01101111
01101111
01101111
01101111
01101110
01101101
01101101
01101110
01101110
01101110
01101110
01101110
01101111
01101111
01101111
01101111
01101111
01101111
01101111
01101111
01101111
01101111
01101111
01101111
01101111
01101111
01101111
01101111
01101111
01101111
01101111
01101111
01101110
01101110
01101101
01101110
01101110
01101110
01101110
01101110
01101110
01101110
01101110
01101110
01101110
01101110
01101110
01101110
01101110
01101110
01101110
01101110
01101110
01101110
01101110
01101110
01101110
01101110
01101110
01101110
01101110
01101110
01101110
01101110
01101110
01101110
01101110
01101110
01101110
01101110
01101110
01101110
01101101
01101101
01101110
01101110
01110000
01110001
01110010
01110010
01110010
01110010
01110001
01110001
01110010
01110011
01110011
01110011
01110011
01110010
01110001
01110000
01110000
01110000
01110000
01110000
01110000
01110000
01110000
01110001
01110010
01110011
01110011
01110010
01110010
01110010
01110010
01110010
01110010
01110010
01110010
01110010
01110010
01110010
01110010
01110011
01110011
01110100
01110100
01110100
01110100
01110011
01110011
01110100
01110101
01110101
01110100
01110100
01110101
01110101
01110110
01110101
01110100
01110011
01110100
01110100
01110011
01110011
01110010
01110010
01110010
01110011
01110100
01110101
01110101
01110110
01110110
01110101
01110101
01110110
01110111
01110111
01110111
01110111
01110111
01110111
01110111
01110110
01110110
01110110
01110110
01110111
01110111
01110111
01110111
01110110
01110110
01110111
01110111
01111000
01111000
01111000
01110111
01110110
01110101
01110101
01110101
01110101
01110101
01110101
01110101
01110101
01110101
01110110
01110111
01111000
01110111
01110111
01110111
01110111
01110111
01110111
01110111
01110111
01110111
01110111
01110111
01110111
01111000
01111000
01111001
01111001
01111001
01111001
01111001
01111001
01111001
01111001
01111001
01111001
01111001
01111001
01111001
01111001
01111000
01110111
01110110
01110110
01110110
01110111
01110111
01111000
01111000
01110111
01111000
01111001
01111010
01111001
01111001
01111000
01111001
01111001
01111000
01111000
01110111
01110111
01111000
01111000
01111000
01111000
01111000
01110111
01111000
01111000
01111001
01111001
01111000
01111000
01111001
01111010
01111010
01111010
01111010
01111010
01111001
01111000
01110111
01110110
01110110
01110110
01110110
01110101
01110101
01110100
01110100
01110100
01110101
01110110
01110111
01110111
01110111
01110110
01110110
01110101
01110101
01110110
01110110
01110110
01110110
01110101
01110011
01110010
01110001
01110001
01110001
01110010
01110010
01110010
01110010
01110010
01110010
01110010
01110010
01110010
01110010
01110010
01110010
01110010
01110010
01110010
01110010
01110010
01110010
01110010
01110010
01110010
01110010
01110010
01110010
01110010
01110001
01110001
01110000
01110000
01110001
01110001
01110000
01101111
01101111
01110000
01110000
01101111
01101111
01110000
01110000
01110001
01110010
01110011
01110010
01110001
01110000
01110001
01110010
01110010
01110001
01110001
01110010
01110010
01110011
01110001
01101111
01101110
01101101
01101101
01101110
01101111
01101111
01101110
01101110
01101111
01110000
01110001
01110001
01110000
01110001
01110001
01110010
01110010
01110010
01110010
01110010
01110010
01110001
01110000
01101111
01101110
01101110
01101101
01101100
01101100
01101100
01101100
01101100
01101100
01101100
01101100
01101101
01101101
01101100
01101100
01101011
01101011
01101011
01101011
01101011
01101011
01101011
01101011
01101011
01101011
01101011
01101011
01101011
01101011
01101011
01101011
01101011
01101011
01101011
01101011
01101011
01101011
01101011
01101011
01101100
01101100
01101011
01101010
01101001
01101001
01101001
01101010
01101010
01101011
01101011
01101011
01101011
01101010
01101010
01101011
01101011
01101100
01101100
01101100
01101100
01101100
01101100
01101011
01101011
01101010
01101010
01101010
01101010
01101011
01101011
01101011
01101011
01101011
01101010
01101001
01101001
01101010
01101010
01101010
01101010
01101001
01101001
01101000
01101000
01101001
01101000
01100111
01100110
01100110
01100101
01100101
01100101
01100101
01100110
01100110
01100111
01100111
01100111
01100111
01100110
01100110
01100101
01100100
01100011
01100010
01100010
01100011
01100011
01100100
01100100
01100100
01100100
01100100
01100100
01100100
01100100
01100100
01100011
01100011
01100011
01100010
01100010
01100001
01100001
01100001
01100001
01100010
01100010
01100010
01100010
01100001
01100001
01100000
01100000
01011111
01011111
01100000
01100000
01011111
01011111
01011110
01011101
01011100
01011101
01011101
01011100
01011011
01011010
01011010
01011011
01011010
01011001
01011000
01011000
01011001
01011001
01011000
01010111
01010111
01011000
01011000
01010111
01010110
01010101
01010100
01010100
01010100
01010011
01010011
01010100
01010100
01010100
01010100
01010100
01010011
01010011
01010011
01010100
01010101
01010101
01010100
01010011
01010010
01010001
01010001
01010001
01010001
01010010
01010011
01010010
01010000
01001110
01001101
01001101
01001011
01001010
01001001
01001000
01001000
01000111
01000111
01000111
01001000
01001010
01001011
01001101
01010000
01001111
01001011
01000111
01000100
01000010
00111111
00111100
00111010
00110110
00110100
00110001
00101111
00101101
00101010
00100111
00100101
00100011
00100001
00011111
00011110
00011101
00011100
00011101
00011101
00011101
00011100
00011100
00011011
00011011
00011010
00011010
00011001
00011000
00010111
00010110
00010101
00010100
00010100
00010100
00010100
00010011
00010010
00010011
00010011
00010100
00010100
00010011
00010100
00010100
00010101
00010101
00010110
00010110
00010111
00010111
00010111
00010111
00010111
00010110
00010110
00010101
00010101
00010101
00010110
00010111
00010111
00010111
00010111
00010111